{
 "cells": [
  {
   "cell_type": "code",
   "execution_count": 76,
   "metadata": {},
   "outputs": [
    {
     "data": {
      "text/plain": [
       "[('CSCO', <__main__.StockStats at 0x110bc5048>),\n",
       " ('UAL', <__main__.StockStats at 0x117113048>),\n",
       " ('TROW', <__main__.StockStats at 0x110bc5eb8>),\n",
       " ('ISRG', <__main__.StockStats at 0x117113470>),\n",
       " ('PRGO', <__main__.StockStats at 0x110bccc88>),\n",
       " ('LUK', <__main__.StockStats at 0x110d5de48>),\n",
       " ('DVN', <__main__.StockStats at 0x110bcecf8>),\n",
       " ('MRO', <__main__.StockStats at 0x11058db00>),\n",
       " ('BA', <__main__.StockStats at 0x110bd6cf8>),\n",
       " ('VRTX', <__main__.StockStats at 0x116b4f518>),\n",
       " ('BRK.B', <__main__.StockStats at 0x110bddef0>),\n",
       " ('GILD', <__main__.StockStats at 0x116b4f6a0>),\n",
       " ('NLSN', <__main__.StockStats at 0x110bee438>),\n",
       " ('EQIX', <__main__.StockStats at 0x116b4fe80>),\n",
       " ('TIF', <__main__.StockStats at 0x110bf12e8>),\n",
       " ('V', <__main__.StockStats at 0x116b852b0>),\n",
       " ('QRVO', <__main__.StockStats at 0x110bf5518>),\n",
       " ('A', <__main__.StockStats at 0x116b85780>),\n",
       " ('FOX', <__main__.StockStats at 0x110bcdc50>),\n",
       " ('MO', <__main__.StockStats at 0x116b9a7f0>)]"
      ]
     },
     "execution_count": 76,
     "metadata": {},
     "output_type": "execute_result"
    }
   ],
   "source": [
    "# read in each file\n",
    "%run ../lib/stock_stats.py\n",
    "\n",
    "# read in all downloaded files\n",
    "from os import listdir\n",
    "from os.path import isfile, join\n",
    "import ntpath\n",
    "\n",
    "DATA_DIR = '../data/'\n",
    "NUM_STOCKS = 20\n",
    "data_files = [DATA_DIR + f for f in listdir(DATA_DIR) if isfile(join(DATA_DIR, f))][0:NUM_STOCKS]\n",
    "\n",
    "stats = []\n",
    "for file in data_files:\n",
    "    with open(file) as f:\n",
    "        content = [x.strip().split(',') for x in f.readlines()][1:]\n",
    "        ticker = content[0][0]\n",
    "        parsed = [(r[1], r[2]) for r in content]\n",
    "        stats.append((ticker, StockStats(parsed)))\n",
    "stats"
   ]
  },
  {
   "cell_type": "code",
   "execution_count": 94,
   "metadata": {},
   "outputs": [
    {
     "data": {
      "text/html": [
       "<div>\n",
       "<style scoped>\n",
       "    .dataframe tbody tr th:only-of-type {\n",
       "        vertical-align: middle;\n",
       "    }\n",
       "\n",
       "    .dataframe tbody tr th {\n",
       "        vertical-align: top;\n",
       "    }\n",
       "\n",
       "    .dataframe thead th {\n",
       "        text-align: right;\n",
       "    }\n",
       "</style>\n",
       "<table border=\"1\" class=\"dataframe\">\n",
       "  <thead>\n",
       "    <tr style=\"text-align: right;\">\n",
       "      <th></th>\n",
       "      <th>CSCO</th>\n",
       "      <th>UAL</th>\n",
       "      <th>TROW</th>\n",
       "      <th>ISRG</th>\n",
       "      <th>PRGO</th>\n",
       "      <th>LUK</th>\n",
       "      <th>DVN</th>\n",
       "      <th>MRO</th>\n",
       "      <th>BA</th>\n",
       "      <th>VRTX</th>\n",
       "      <th>BRK.B</th>\n",
       "      <th>GILD</th>\n",
       "      <th>NLSN</th>\n",
       "      <th>EQIX</th>\n",
       "      <th>TIF</th>\n",
       "      <th>V</th>\n",
       "      <th>QRVO</th>\n",
       "      <th>A</th>\n",
       "      <th>FOX</th>\n",
       "      <th>MO</th>\n",
       "    </tr>\n",
       "  </thead>\n",
       "  <tbody>\n",
       "    <tr>\n",
       "      <th>CSCO</th>\n",
       "      <td>1.000000</td>\n",
       "      <td>0.459761</td>\n",
       "      <td>0.833864</td>\n",
       "      <td>0.912671</td>\n",
       "      <td>-0.573239</td>\n",
       "      <td>0.558417</td>\n",
       "      <td>-0.161402</td>\n",
       "      <td>-0.024217</td>\n",
       "      <td>0.924191</td>\n",
       "      <td>0.601855</td>\n",
       "      <td>0.918730</td>\n",
       "      <td>-0.549334</td>\n",
       "      <td>-0.740382</td>\n",
       "      <td>0.638963</td>\n",
       "      <td>0.678408</td>\n",
       "      <td>0.916144</td>\n",
       "      <td>0.564534</td>\n",
       "      <td>0.870376</td>\n",
       "      <td>0.566885</td>\n",
       "      <td>0.345956</td>\n",
       "    </tr>\n",
       "    <tr>\n",
       "      <th>UAL</th>\n",
       "      <td>0.459761</td>\n",
       "      <td>1.000000</td>\n",
       "      <td>0.334815</td>\n",
       "      <td>0.412875</td>\n",
       "      <td>-0.346706</td>\n",
       "      <td>0.720569</td>\n",
       "      <td>0.103618</td>\n",
       "      <td>0.146205</td>\n",
       "      <td>0.467294</td>\n",
       "      <td>0.332594</td>\n",
       "      <td>0.579422</td>\n",
       "      <td>-0.433151</td>\n",
       "      <td>-0.688573</td>\n",
       "      <td>0.308408</td>\n",
       "      <td>0.666594</td>\n",
       "      <td>0.410343</td>\n",
       "      <td>0.490196</td>\n",
       "      <td>0.482196</td>\n",
       "      <td>0.331441</td>\n",
       "      <td>0.360675</td>\n",
       "    </tr>\n",
       "    <tr>\n",
       "      <th>TROW</th>\n",
       "      <td>0.833864</td>\n",
       "      <td>0.334815</td>\n",
       "      <td>1.000000</td>\n",
       "      <td>0.799768</td>\n",
       "      <td>-0.209759</td>\n",
       "      <td>0.501380</td>\n",
       "      <td>0.000913</td>\n",
       "      <td>0.198130</td>\n",
       "      <td>0.912159</td>\n",
       "      <td>0.773354</td>\n",
       "      <td>0.815890</td>\n",
       "      <td>-0.177111</td>\n",
       "      <td>-0.741694</td>\n",
       "      <td>0.381677</td>\n",
       "      <td>0.733000</td>\n",
       "      <td>0.792827</td>\n",
       "      <td>0.581306</td>\n",
       "      <td>0.742811</td>\n",
       "      <td>0.735443</td>\n",
       "      <td>-0.032257</td>\n",
       "    </tr>\n",
       "    <tr>\n",
       "      <th>ISRG</th>\n",
       "      <td>0.912671</td>\n",
       "      <td>0.412875</td>\n",
       "      <td>0.799768</td>\n",
       "      <td>1.000000</td>\n",
       "      <td>-0.680304</td>\n",
       "      <td>0.520769</td>\n",
       "      <td>-0.387263</td>\n",
       "      <td>-0.265584</td>\n",
       "      <td>0.946017</td>\n",
       "      <td>0.653674</td>\n",
       "      <td>0.938728</td>\n",
       "      <td>-0.646580</td>\n",
       "      <td>-0.761918</td>\n",
       "      <td>0.820476</td>\n",
       "      <td>0.621729</td>\n",
       "      <td>0.983766</td>\n",
       "      <td>0.502225</td>\n",
       "      <td>0.965318</td>\n",
       "      <td>0.341523</td>\n",
       "      <td>0.444941</td>\n",
       "    </tr>\n",
       "    <tr>\n",
       "      <th>PRGO</th>\n",
       "      <td>-0.573239</td>\n",
       "      <td>-0.346706</td>\n",
       "      <td>-0.209759</td>\n",
       "      <td>-0.680304</td>\n",
       "      <td>1.000000</td>\n",
       "      <td>-0.246673</td>\n",
       "      <td>0.541835</td>\n",
       "      <td>0.574326</td>\n",
       "      <td>-0.484572</td>\n",
       "      <td>-0.007645</td>\n",
       "      <td>-0.645599</td>\n",
       "      <td>0.943221</td>\n",
       "      <td>0.350271</td>\n",
       "      <td>-0.864012</td>\n",
       "      <td>-0.114611</td>\n",
       "      <td>-0.668926</td>\n",
       "      <td>-0.095571</td>\n",
       "      <td>-0.695464</td>\n",
       "      <td>0.166289</td>\n",
       "      <td>-0.840946</td>\n",
       "    </tr>\n",
       "    <tr>\n",
       "      <th>LUK</th>\n",
       "      <td>0.558417</td>\n",
       "      <td>0.720569</td>\n",
       "      <td>0.501380</td>\n",
       "      <td>0.520769</td>\n",
       "      <td>-0.246673</td>\n",
       "      <td>1.000000</td>\n",
       "      <td>0.329856</td>\n",
       "      <td>0.346019</td>\n",
       "      <td>0.598059</td>\n",
       "      <td>0.591150</td>\n",
       "      <td>0.699673</td>\n",
       "      <td>-0.294003</td>\n",
       "      <td>-0.716651</td>\n",
       "      <td>0.405385</td>\n",
       "      <td>0.846816</td>\n",
       "      <td>0.502959</td>\n",
       "      <td>0.778677</td>\n",
       "      <td>0.640167</td>\n",
       "      <td>0.435314</td>\n",
       "      <td>0.251906</td>\n",
       "    </tr>\n",
       "    <tr>\n",
       "      <th>DVN</th>\n",
       "      <td>-0.161402</td>\n",
       "      <td>0.103618</td>\n",
       "      <td>0.000913</td>\n",
       "      <td>-0.387263</td>\n",
       "      <td>0.541835</td>\n",
       "      <td>0.329856</td>\n",
       "      <td>1.000000</td>\n",
       "      <td>0.953083</td>\n",
       "      <td>-0.221740</td>\n",
       "      <td>0.014805</td>\n",
       "      <td>-0.187702</td>\n",
       "      <td>0.476828</td>\n",
       "      <td>0.068709</td>\n",
       "      <td>-0.559777</td>\n",
       "      <td>0.237015</td>\n",
       "      <td>-0.410860</td>\n",
       "      <td>0.398404</td>\n",
       "      <td>-0.303774</td>\n",
       "      <td>0.397215</td>\n",
       "      <td>-0.509567</td>\n",
       "    </tr>\n",
       "    <tr>\n",
       "      <th>MRO</th>\n",
       "      <td>-0.024217</td>\n",
       "      <td>0.146205</td>\n",
       "      <td>0.198130</td>\n",
       "      <td>-0.265584</td>\n",
       "      <td>0.574326</td>\n",
       "      <td>0.346019</td>\n",
       "      <td>0.953083</td>\n",
       "      <td>1.000000</td>\n",
       "      <td>-0.062249</td>\n",
       "      <td>0.168700</td>\n",
       "      <td>-0.088977</td>\n",
       "      <td>0.507545</td>\n",
       "      <td>-0.075250</td>\n",
       "      <td>-0.574592</td>\n",
       "      <td>0.362616</td>\n",
       "      <td>-0.292436</td>\n",
       "      <td>0.479987</td>\n",
       "      <td>-0.223151</td>\n",
       "      <td>0.593518</td>\n",
       "      <td>-0.598983</td>\n",
       "    </tr>\n",
       "    <tr>\n",
       "      <th>BA</th>\n",
       "      <td>0.924191</td>\n",
       "      <td>0.467294</td>\n",
       "      <td>0.912159</td>\n",
       "      <td>0.946017</td>\n",
       "      <td>-0.484572</td>\n",
       "      <td>0.598059</td>\n",
       "      <td>-0.221740</td>\n",
       "      <td>-0.062249</td>\n",
       "      <td>1.000000</td>\n",
       "      <td>0.780019</td>\n",
       "      <td>0.940547</td>\n",
       "      <td>-0.454463</td>\n",
       "      <td>-0.849131</td>\n",
       "      <td>0.653877</td>\n",
       "      <td>0.756989</td>\n",
       "      <td>0.950835</td>\n",
       "      <td>0.585213</td>\n",
       "      <td>0.913819</td>\n",
       "      <td>0.551146</td>\n",
       "      <td>0.256561</td>\n",
       "    </tr>\n",
       "    <tr>\n",
       "      <th>VRTX</th>\n",
       "      <td>0.601855</td>\n",
       "      <td>0.332594</td>\n",
       "      <td>0.773354</td>\n",
       "      <td>0.653674</td>\n",
       "      <td>-0.007645</td>\n",
       "      <td>0.591150</td>\n",
       "      <td>0.014805</td>\n",
       "      <td>0.168700</td>\n",
       "      <td>0.780019</td>\n",
       "      <td>1.000000</td>\n",
       "      <td>0.639490</td>\n",
       "      <td>0.024657</td>\n",
       "      <td>-0.722887</td>\n",
       "      <td>0.339665</td>\n",
       "      <td>0.779748</td>\n",
       "      <td>0.659850</td>\n",
       "      <td>0.660309</td>\n",
       "      <td>0.663691</td>\n",
       "      <td>0.515789</td>\n",
       "      <td>-0.126782</td>\n",
       "    </tr>\n",
       "    <tr>\n",
       "      <th>BRK.B</th>\n",
       "      <td>0.918730</td>\n",
       "      <td>0.579422</td>\n",
       "      <td>0.815890</td>\n",
       "      <td>0.938728</td>\n",
       "      <td>-0.645599</td>\n",
       "      <td>0.699673</td>\n",
       "      <td>-0.187702</td>\n",
       "      <td>-0.088977</td>\n",
       "      <td>0.940547</td>\n",
       "      <td>0.639490</td>\n",
       "      <td>1.000000</td>\n",
       "      <td>-0.614747</td>\n",
       "      <td>-0.804253</td>\n",
       "      <td>0.756945</td>\n",
       "      <td>0.734486</td>\n",
       "      <td>0.927853</td>\n",
       "      <td>0.597992</td>\n",
       "      <td>0.955610</td>\n",
       "      <td>0.457129</td>\n",
       "      <td>0.466732</td>\n",
       "    </tr>\n",
       "    <tr>\n",
       "      <th>GILD</th>\n",
       "      <td>-0.549334</td>\n",
       "      <td>-0.433151</td>\n",
       "      <td>-0.177111</td>\n",
       "      <td>-0.646580</td>\n",
       "      <td>0.943221</td>\n",
       "      <td>-0.294003</td>\n",
       "      <td>0.476828</td>\n",
       "      <td>0.507545</td>\n",
       "      <td>-0.454463</td>\n",
       "      <td>0.024657</td>\n",
       "      <td>-0.614747</td>\n",
       "      <td>1.000000</td>\n",
       "      <td>0.411424</td>\n",
       "      <td>-0.803544</td>\n",
       "      <td>-0.145884</td>\n",
       "      <td>-0.621607</td>\n",
       "      <td>-0.114942</td>\n",
       "      <td>-0.658672</td>\n",
       "      <td>0.156712</td>\n",
       "      <td>-0.809555</td>\n",
       "    </tr>\n",
       "    <tr>\n",
       "      <th>NLSN</th>\n",
       "      <td>-0.740382</td>\n",
       "      <td>-0.688573</td>\n",
       "      <td>-0.741694</td>\n",
       "      <td>-0.761918</td>\n",
       "      <td>0.350271</td>\n",
       "      <td>-0.716651</td>\n",
       "      <td>0.068709</td>\n",
       "      <td>-0.075250</td>\n",
       "      <td>-0.849131</td>\n",
       "      <td>-0.722887</td>\n",
       "      <td>-0.804253</td>\n",
       "      <td>0.411424</td>\n",
       "      <td>1.000000</td>\n",
       "      <td>-0.474623</td>\n",
       "      <td>-0.826812</td>\n",
       "      <td>-0.758535</td>\n",
       "      <td>-0.633648</td>\n",
       "      <td>-0.755628</td>\n",
       "      <td>-0.522745</td>\n",
       "      <td>-0.164967</td>\n",
       "    </tr>\n",
       "    <tr>\n",
       "      <th>EQIX</th>\n",
       "      <td>0.638963</td>\n",
       "      <td>0.308408</td>\n",
       "      <td>0.381677</td>\n",
       "      <td>0.820476</td>\n",
       "      <td>-0.864012</td>\n",
       "      <td>0.405385</td>\n",
       "      <td>-0.559777</td>\n",
       "      <td>-0.574592</td>\n",
       "      <td>0.653877</td>\n",
       "      <td>0.339665</td>\n",
       "      <td>0.756945</td>\n",
       "      <td>-0.803544</td>\n",
       "      <td>-0.474623</td>\n",
       "      <td>1.000000</td>\n",
       "      <td>0.301157</td>\n",
       "      <td>0.816976</td>\n",
       "      <td>0.260370</td>\n",
       "      <td>0.861908</td>\n",
       "      <td>-0.125541</td>\n",
       "      <td>0.772373</td>\n",
       "    </tr>\n",
       "    <tr>\n",
       "      <th>TIF</th>\n",
       "      <td>0.678408</td>\n",
       "      <td>0.666594</td>\n",
       "      <td>0.733000</td>\n",
       "      <td>0.621729</td>\n",
       "      <td>-0.114611</td>\n",
       "      <td>0.846816</td>\n",
       "      <td>0.237015</td>\n",
       "      <td>0.362616</td>\n",
       "      <td>0.756989</td>\n",
       "      <td>0.779748</td>\n",
       "      <td>0.734486</td>\n",
       "      <td>-0.145884</td>\n",
       "      <td>-0.826812</td>\n",
       "      <td>0.301157</td>\n",
       "      <td>1.000000</td>\n",
       "      <td>0.624704</td>\n",
       "      <td>0.767569</td>\n",
       "      <td>0.650594</td>\n",
       "      <td>0.657375</td>\n",
       "      <td>0.011829</td>\n",
       "    </tr>\n",
       "    <tr>\n",
       "      <th>V</th>\n",
       "      <td>0.916144</td>\n",
       "      <td>0.410343</td>\n",
       "      <td>0.792827</td>\n",
       "      <td>0.983766</td>\n",
       "      <td>-0.668926</td>\n",
       "      <td>0.502959</td>\n",
       "      <td>-0.410860</td>\n",
       "      <td>-0.292436</td>\n",
       "      <td>0.950835</td>\n",
       "      <td>0.659850</td>\n",
       "      <td>0.927853</td>\n",
       "      <td>-0.621607</td>\n",
       "      <td>-0.758535</td>\n",
       "      <td>0.816976</td>\n",
       "      <td>0.624704</td>\n",
       "      <td>1.000000</td>\n",
       "      <td>0.456920</td>\n",
       "      <td>0.946812</td>\n",
       "      <td>0.349651</td>\n",
       "      <td>0.446921</td>\n",
       "    </tr>\n",
       "    <tr>\n",
       "      <th>QRVO</th>\n",
       "      <td>0.564534</td>\n",
       "      <td>0.490196</td>\n",
       "      <td>0.581306</td>\n",
       "      <td>0.502225</td>\n",
       "      <td>-0.095571</td>\n",
       "      <td>0.778677</td>\n",
       "      <td>0.398404</td>\n",
       "      <td>0.479987</td>\n",
       "      <td>0.585213</td>\n",
       "      <td>0.660309</td>\n",
       "      <td>0.597992</td>\n",
       "      <td>-0.114942</td>\n",
       "      <td>-0.633648</td>\n",
       "      <td>0.260370</td>\n",
       "      <td>0.767569</td>\n",
       "      <td>0.456920</td>\n",
       "      <td>1.000000</td>\n",
       "      <td>0.585047</td>\n",
       "      <td>0.557902</td>\n",
       "      <td>-0.029984</td>\n",
       "    </tr>\n",
       "    <tr>\n",
       "      <th>A</th>\n",
       "      <td>0.870376</td>\n",
       "      <td>0.482196</td>\n",
       "      <td>0.742811</td>\n",
       "      <td>0.965318</td>\n",
       "      <td>-0.695464</td>\n",
       "      <td>0.640167</td>\n",
       "      <td>-0.303774</td>\n",
       "      <td>-0.223151</td>\n",
       "      <td>0.913819</td>\n",
       "      <td>0.663691</td>\n",
       "      <td>0.955610</td>\n",
       "      <td>-0.658672</td>\n",
       "      <td>-0.755628</td>\n",
       "      <td>0.861908</td>\n",
       "      <td>0.650594</td>\n",
       "      <td>0.946812</td>\n",
       "      <td>0.585047</td>\n",
       "      <td>1.000000</td>\n",
       "      <td>0.299380</td>\n",
       "      <td>0.524666</td>\n",
       "    </tr>\n",
       "    <tr>\n",
       "      <th>FOX</th>\n",
       "      <td>0.566885</td>\n",
       "      <td>0.331441</td>\n",
       "      <td>0.735443</td>\n",
       "      <td>0.341523</td>\n",
       "      <td>0.166289</td>\n",
       "      <td>0.435314</td>\n",
       "      <td>0.397215</td>\n",
       "      <td>0.593518</td>\n",
       "      <td>0.551146</td>\n",
       "      <td>0.515789</td>\n",
       "      <td>0.457129</td>\n",
       "      <td>0.156712</td>\n",
       "      <td>-0.522745</td>\n",
       "      <td>-0.125541</td>\n",
       "      <td>0.657375</td>\n",
       "      <td>0.349651</td>\n",
       "      <td>0.557902</td>\n",
       "      <td>0.299380</td>\n",
       "      <td>1.000000</td>\n",
       "      <td>-0.264291</td>\n",
       "    </tr>\n",
       "    <tr>\n",
       "      <th>MO</th>\n",
       "      <td>0.345956</td>\n",
       "      <td>0.360675</td>\n",
       "      <td>-0.032257</td>\n",
       "      <td>0.444941</td>\n",
       "      <td>-0.840946</td>\n",
       "      <td>0.251906</td>\n",
       "      <td>-0.509567</td>\n",
       "      <td>-0.598983</td>\n",
       "      <td>0.256561</td>\n",
       "      <td>-0.126782</td>\n",
       "      <td>0.466732</td>\n",
       "      <td>-0.809555</td>\n",
       "      <td>-0.164967</td>\n",
       "      <td>0.772373</td>\n",
       "      <td>0.011829</td>\n",
       "      <td>0.446921</td>\n",
       "      <td>-0.029984</td>\n",
       "      <td>0.524666</td>\n",
       "      <td>-0.264291</td>\n",
       "      <td>1.000000</td>\n",
       "    </tr>\n",
       "  </tbody>\n",
       "</table>\n",
       "</div>"
      ],
      "text/plain": [
       "           CSCO       UAL      TROW      ISRG      PRGO       LUK       DVN  \\\n",
       "CSCO   1.000000  0.459761  0.833864  0.912671 -0.573239  0.558417 -0.161402   \n",
       "UAL    0.459761  1.000000  0.334815  0.412875 -0.346706  0.720569  0.103618   \n",
       "TROW   0.833864  0.334815  1.000000  0.799768 -0.209759  0.501380  0.000913   \n",
       "ISRG   0.912671  0.412875  0.799768  1.000000 -0.680304  0.520769 -0.387263   \n",
       "PRGO  -0.573239 -0.346706 -0.209759 -0.680304  1.000000 -0.246673  0.541835   \n",
       "LUK    0.558417  0.720569  0.501380  0.520769 -0.246673  1.000000  0.329856   \n",
       "DVN   -0.161402  0.103618  0.000913 -0.387263  0.541835  0.329856  1.000000   \n",
       "MRO   -0.024217  0.146205  0.198130 -0.265584  0.574326  0.346019  0.953083   \n",
       "BA     0.924191  0.467294  0.912159  0.946017 -0.484572  0.598059 -0.221740   \n",
       "VRTX   0.601855  0.332594  0.773354  0.653674 -0.007645  0.591150  0.014805   \n",
       "BRK.B  0.918730  0.579422  0.815890  0.938728 -0.645599  0.699673 -0.187702   \n",
       "GILD  -0.549334 -0.433151 -0.177111 -0.646580  0.943221 -0.294003  0.476828   \n",
       "NLSN  -0.740382 -0.688573 -0.741694 -0.761918  0.350271 -0.716651  0.068709   \n",
       "EQIX   0.638963  0.308408  0.381677  0.820476 -0.864012  0.405385 -0.559777   \n",
       "TIF    0.678408  0.666594  0.733000  0.621729 -0.114611  0.846816  0.237015   \n",
       "V      0.916144  0.410343  0.792827  0.983766 -0.668926  0.502959 -0.410860   \n",
       "QRVO   0.564534  0.490196  0.581306  0.502225 -0.095571  0.778677  0.398404   \n",
       "A      0.870376  0.482196  0.742811  0.965318 -0.695464  0.640167 -0.303774   \n",
       "FOX    0.566885  0.331441  0.735443  0.341523  0.166289  0.435314  0.397215   \n",
       "MO     0.345956  0.360675 -0.032257  0.444941 -0.840946  0.251906 -0.509567   \n",
       "\n",
       "            MRO        BA      VRTX     BRK.B      GILD      NLSN      EQIX  \\\n",
       "CSCO  -0.024217  0.924191  0.601855  0.918730 -0.549334 -0.740382  0.638963   \n",
       "UAL    0.146205  0.467294  0.332594  0.579422 -0.433151 -0.688573  0.308408   \n",
       "TROW   0.198130  0.912159  0.773354  0.815890 -0.177111 -0.741694  0.381677   \n",
       "ISRG  -0.265584  0.946017  0.653674  0.938728 -0.646580 -0.761918  0.820476   \n",
       "PRGO   0.574326 -0.484572 -0.007645 -0.645599  0.943221  0.350271 -0.864012   \n",
       "LUK    0.346019  0.598059  0.591150  0.699673 -0.294003 -0.716651  0.405385   \n",
       "DVN    0.953083 -0.221740  0.014805 -0.187702  0.476828  0.068709 -0.559777   \n",
       "MRO    1.000000 -0.062249  0.168700 -0.088977  0.507545 -0.075250 -0.574592   \n",
       "BA    -0.062249  1.000000  0.780019  0.940547 -0.454463 -0.849131  0.653877   \n",
       "VRTX   0.168700  0.780019  1.000000  0.639490  0.024657 -0.722887  0.339665   \n",
       "BRK.B -0.088977  0.940547  0.639490  1.000000 -0.614747 -0.804253  0.756945   \n",
       "GILD   0.507545 -0.454463  0.024657 -0.614747  1.000000  0.411424 -0.803544   \n",
       "NLSN  -0.075250 -0.849131 -0.722887 -0.804253  0.411424  1.000000 -0.474623   \n",
       "EQIX  -0.574592  0.653877  0.339665  0.756945 -0.803544 -0.474623  1.000000   \n",
       "TIF    0.362616  0.756989  0.779748  0.734486 -0.145884 -0.826812  0.301157   \n",
       "V     -0.292436  0.950835  0.659850  0.927853 -0.621607 -0.758535  0.816976   \n",
       "QRVO   0.479987  0.585213  0.660309  0.597992 -0.114942 -0.633648  0.260370   \n",
       "A     -0.223151  0.913819  0.663691  0.955610 -0.658672 -0.755628  0.861908   \n",
       "FOX    0.593518  0.551146  0.515789  0.457129  0.156712 -0.522745 -0.125541   \n",
       "MO    -0.598983  0.256561 -0.126782  0.466732 -0.809555 -0.164967  0.772373   \n",
       "\n",
       "            TIF         V      QRVO         A       FOX        MO  \n",
       "CSCO   0.678408  0.916144  0.564534  0.870376  0.566885  0.345956  \n",
       "UAL    0.666594  0.410343  0.490196  0.482196  0.331441  0.360675  \n",
       "TROW   0.733000  0.792827  0.581306  0.742811  0.735443 -0.032257  \n",
       "ISRG   0.621729  0.983766  0.502225  0.965318  0.341523  0.444941  \n",
       "PRGO  -0.114611 -0.668926 -0.095571 -0.695464  0.166289 -0.840946  \n",
       "LUK    0.846816  0.502959  0.778677  0.640167  0.435314  0.251906  \n",
       "DVN    0.237015 -0.410860  0.398404 -0.303774  0.397215 -0.509567  \n",
       "MRO    0.362616 -0.292436  0.479987 -0.223151  0.593518 -0.598983  \n",
       "BA     0.756989  0.950835  0.585213  0.913819  0.551146  0.256561  \n",
       "VRTX   0.779748  0.659850  0.660309  0.663691  0.515789 -0.126782  \n",
       "BRK.B  0.734486  0.927853  0.597992  0.955610  0.457129  0.466732  \n",
       "GILD  -0.145884 -0.621607 -0.114942 -0.658672  0.156712 -0.809555  \n",
       "NLSN  -0.826812 -0.758535 -0.633648 -0.755628 -0.522745 -0.164967  \n",
       "EQIX   0.301157  0.816976  0.260370  0.861908 -0.125541  0.772373  \n",
       "TIF    1.000000  0.624704  0.767569  0.650594  0.657375  0.011829  \n",
       "V      0.624704  1.000000  0.456920  0.946812  0.349651  0.446921  \n",
       "QRVO   0.767569  0.456920  1.000000  0.585047  0.557902 -0.029984  \n",
       "A      0.650594  0.946812  0.585047  1.000000  0.299380  0.524666  \n",
       "FOX    0.657375  0.349651  0.557902  0.299380  1.000000 -0.264291  \n",
       "MO     0.011829  0.446921 -0.029984  0.524666 -0.264291  1.000000  "
      ]
     },
     "execution_count": 94,
     "metadata": {},
     "output_type": "execute_result"
    }
   ],
   "source": [
    "import numpy as np\n",
    "import pandas as pd\n",
    "from dateutil.parser import parse\n",
    "\n",
    "# process closing values of each\n",
    "min_date = max([parse(s[1].earlierst_value()) for s in stats])\n",
    "min_date_s = min_date.strftime(\"%Y-%m-%d\")\n",
    "all_vals = [(s[0],s[1].vals) for s in stats]\n",
    "\n",
    "vals_filtered = []\n",
    "\n",
    "for v in all_vals:\n",
    "    ticker = v[0]\n",
    "    vals = v[1]\n",
    "    vals_filtered.append((ticker, [a[1] for a in vals if a[0] >= min_date_s]))\n",
    "\n",
    "vals_final = [np.array(v[1]) for v in vals_filtered]\n",
    "vals_typed = [f.astype(np.float) for f in vals_final]\n",
    "corr_array = np.corrcoef(vals_typed)\n",
    "\n",
    "tickers = np.array([s[0] for s in stats])\n",
    "corr=pd.DataFrame(data=corr_array, index=tickers, columns=tickers)\n",
    "corr"
   ]
  },
  {
   "cell_type": "code",
   "execution_count": 98,
   "metadata": {},
   "outputs": [
    {
     "data": {
      "text/plain": [
       "<matplotlib.axes._subplots.AxesSubplot at 0x111de2780>"
      ]
     },
     "execution_count": 98,
     "metadata": {},
     "output_type": "execute_result"
    },
    {
     "data": {
